21989,43400,46928
27336,17177,20272
42084,10586,38382
16849,74278,70779
8053,31067,6127
62329,76535,33045
46819,2507,58534
90355,69905,49177
68245,93886,20080
83994,97977,75745
52795,7362,98319
90719,1340,79383
44511,60723,92720
9555,68693,21556
79657,94047,14324
29001,35095,73863
22786,68941,76893
79897,96977,17766
83141,96029,38676
35159,97681,1838
20027,63496,55741
9482,1728,4935
21622,31033,36091
49090,84628,63141
9978,7518,11927
54891,66019,54303
83988,95243,48904
79769,11348,71187
22887,92808,42428
72969,96106,89802
58384,64249,23306
78687,19817,62273
80987,66767,84659
44868,64909,2753
79609,90096,29701
96514,47744,72386
11836,14816,51064
61979,71436,85182
12846,67364,83668
1878,95152,2126
68515,63125,21454
66297,87516,24174
42956,90109,59867
181,75373,66037
67787,21122,86041
78615,75071,29893
20545,54900,73693
27433,24500,90057
84506,35125,36616
29870,60643,45985
20319,6353,46
30380,25444,54891
48414,8558,61185
85812,30287,87197
44545,23913,56346
18095,13046,63831
24490,88169,49958
54193,23824,6901
28448,19947,10197
62349,97066,50273
2875,64025,82133
22847,40931,50316
97648,47142,79001
82057,25349,97029
22420,70618,46728
62275,36194,48637
85983,90073,78463
11032,13791,60543
32571,61253,92924
57854,50882,47820
39483,63456,94201
75191,69908,26544
1885,4126,91125
14747,66425,4014
26659,34878,1758
94619,8227,48004
84303,79522,73270
7893,39965,67725
12598,88878,36877
43896,97529,64255
93519,49017,66798
64317,3473,90520
74298,13277,22936
9774,39303,84371
34572,92040,21081
54859,43124,33249
75160,8290,34601
54196,74535,55851
34250,27837,76821
5930,79492,12316
38987,39689,15886
41125,71447,77988
67984,43590,49867
92695,6725,61726
78164,4072,62373
2811,2538,60035
31643,56815,91604
46356,21759,1792
20093,77078,18121
82458,66517,48397
68871,43449,72521
57817,44775,21111
22295,33569,60123
90344,13977,40957
66243,46063,86004
25708,47803,94489
74946,76466,40658
86157,57808,85708
33181,40280,31751
20593,28652,65753
13652,82133,9784
55676,77055,95750
16141,24697,56642
91373,87208,28074
32008,63181,37037
80984,90774,53394
67594,20803,73087
50928,36606,84814
18489,92881,19207
23765,94945,77387
21365,26903,56982
52344,54618,87464
94241,11636,87204
6222,27312,73697
74541,83523,38911
15669,3852,32710
94999,7946,82643
6750,82292,20876
60843,39080,31212
28722,11507,83916
92202,1285,47851
2454,19516,74796
25400,82650,91315
19518,50498,31391
54814,49100,81652
20150,47080,37885
91739,56763,68268
57361,39125,55952
6968,6690,38429
75953,64838,78167
99680,15545,47931
64553,22859,39045
78540,18055,56504
32360,97785,11458
99881,32924,34589
20195,1760,14514
90560,44215,71619
14650,57313,63300
15311,39648,37944
76178,63853,68973
78056,8556,16071
56313,34538,98290
30821,16535,78238
26721,8073,23571
65943,76922,98492
79080,49322,64967
94424,51817,55577
25479,30282,15928
63660,93591,64089
17327,68654,31351
13726,81949,27994
6443,78765,10599
89877,67577,21846
21514,34879,35700
140,44318,5206
69439,98667,5092
36347,81596,1408
90576,47401,10213
54855,35663,38858
50752,1190,38998
10136,67447,36418
578,58902,42939
42810,67484,96025
31387,47156,21207
84587,25471,17452
95536,40284,70510
63801,57470,60118
86803,95737,46443
43533,35717,81724
57283,47289,66518
89102,79109,54867
54250,68648,1958
20923,17557,9625
62894,69383,37269
83982,87771,23691
68385,35000,59542
43185,803,42170
1216,39769,17706
13973,45156,83226
78870,59895,90816
46551,12399,66720
52100,39430,89642
29034,11985,68931
30580,44618,35876
12109,797,99908
22982,91645,15969
14251,75166,89030
28597,42699,39913
81739,87192,21675
94643,43326,96712
78822,16522,35426
76237,74659,59598
55996,75446,38589
647,91454,33946
53013,29018,74873
19777,6672,33307
46539,77249,20075
69509,85715,25500
62695,98716,67490
42814,62075,26260
50448,26781,10685
3911,19421,54799
26301,19252,62649
65522,18172,65203
19679,10640,63868
83004,80955,73228
53415,5373,83170
38093,8393,96357
27390,19431,17516
20229,46292,79190
37958,55164,79476
97229,17110,56159
43890,12360,74529
25212,42527,36128
12895,51260,66518
32612,72303,75316
61647,55125,9396
31826,43715,71559
34507,31223,21770
94867,22210,23266
83089,53926,76734
9840,88396,96699
70363,29913,44729
55323,24174,90245
61798,28555,93478
61728,45777,47203
89933,53073,53008
92905,86135,37577
70958,89272,32152
73036,41271,90355
75094,74519,11447
57054,28723,80755
39450,53964,38978
80477,66660,72850
40154,19495,76464
14020,84567,3682
21382,42091,53499
10014,3930,748
49045,56441,54110
83809,13239,2470
47981,43292,93298
23100,41573,83981
48639,38167,56623
77333,87844,82405
99077,93499,1327
65876,37991,30827
69989,23101,36691
38750,41705,57612
45538,17608,68478
8171,17205,12093
38303,46912,42450
31966,50248,47983
73420,61961,10281
69055,69458,3830
42757,75468,79489
7886,50039,17119
47762,43797,24976
77506,73889,64427
50259,40348,71922
80026,60256,25868
70,69819,7660
2072,86316,64868
65115,68335,64866
80075,4419,83213
93197,8125,69399
86024,14523,7360
87382,64444,10375
75956,25332,96483
93453,52631,75113
45101,82190,79701
65635,83802,81873
6884,23260,60232
48753,67269,94213
66736,4968,72733
69894,38465,95255
21245,16802,73772
68517,88694,64150
2888,35746,62495
83559,80102,3702
22145,53913,54699
33855,55823,20736
75609,97261,33832
71247,95138,26753
15059,74346,75288
42299,6687,7912
35030,98013,9039
75235,53900,69690
74792,17498,13258
40060,76997,61935
85219,10413,84540
15644,95599,57541
72176,65415,92881
95054,69322,75224
53534,89228,65848
68113,74622,18367
21559,29544,29029
67948,60415,98570
44620,83884,1408
3306,75740,95539
79919,12539,49680
96532,30223,88484
29714,83033,29014
41601,54152,89540
78609,70213,3327
94954,37352,61165
55787,56098,73893
86433,15126,41085
35345,41083,90099
5890,19884,74252
65139,79042,39356
94235,4403,81957
42983,15861,40375
26642,59682,31073
34271,54330,53032
47329,88403,34324
83016,61411,95034
53412,34713,34700
28314,34785,22622
58711,8776,18346
65906,53575,77758
69491,74053,16617
23358,13388,93066
30708,62438,89896
62028,82703,44160
8807,80532,19148
40087,44946,14929
50187,91492,31871
90600,82049,14846
95849,57404,24774
17069,68223,44271
54550,39928,44128
68698,60884,61441
34269,58756,37926
6534,19576,14562
79144,10977,47138
57175,55782,95222
51061,23983,35367
17730,90399,98286
68088,22291,34966
48503,10137,78477
10881,79668,95666
48165,23598,11471
27694,30229,84803
26477,55050,27447
79058,27383,92969
8657,59875,89696
41662,70921,76791
47317,56431,33211
14096,42762,27841
58751,97468,65454
77826,28073,71702
83485,61508,90983
15862,3859,61952
61629,82047,19412
61116,86649,81005
77885,82274,88844
98131,39056,3013
45928,83213,33010
91494,10645,88111
48902,88464,71206
20439,35342,42112
22377,75311,86618
59330,2334,8935
92744,4567,9426
30082,4630,3730
58967,31367,81213
75724,62227,30332
55012,56038,98638
79266,52052,16274
25216,66611,96602
49177,92999,26127
99395,42024,64637
92361,88304,21354
96691,62455,74752
21142,38706,10260
28739,14343,33390
34724,45491,97054
80244,41548,51713
25813,51761,56479
7573,65021,56714
46812,89439,94378
10469,1704,79350
79335,55484,53910
70971,2747,35786
48078,22862,57641
53188,1536,32044
81731,58016,10950
61815,79029,67202
25404,74298,85868
73606,97536,91340
43404,54555,98102
26838,89982,98718
15337,3574,70998
18990,83368,31096
25320,76965,88703
85286,72989,10429
80871,91229,33674
79148,73206,79013
16849,52766,18568
6522,68486,86028
8662,37522,43341
15685,96232,29759
12948,76524,18607
42956,66021,54107
96020,76084,16922
53203,46528,6624
98636,74930,53720
40553,76835,24521
17267,13172,11013
54853,27817,69385
95699,29004,25834
23716,9788,25378
30390,85234,6568
76814,61503,16140
37166,96535,34750
9923,21265,75073
59134,64587,21555
44853,80671,72161
41922,49632,62909
99680,60790,80988
31848,44837,69242
9477,10932,8557
52422,13626,57735
36151,47083,74977
95790,61663,48302
55083,22422,29143
69068,15295,2306
37673,11284,4628
14453,62161,33498
80201,71582,82664
25129,80703,51615
58243,84923,2167
31108,79228,885
25972,1548,93134
46455,41110,81926
22530,50866,83305
45224,37309,97589
79036,70815,88686
30079,60556,20816
14777,32047,30355
42073,54906,17542
94811,10530,41279
36413,3419,46972
70260,65287,88444
41694,24264,50151
5805,87076,53447
1556,869,71083
95274,20156,21620
78524,21956,71909
48767,60851,50113
7264,19903,7214
14393,65810,68476
267,14440,61256
43166,98486,61557
55578,98183,13871
22866,5569,68155
69104,33826,69655
44745,23726,98153
63276,27118,64212
42536,32785,10161
1086,43763,11861
27181,7440,1216
31935,66163,51144
17810,75859,7883
8420,58933,8722
81820,23420,39375
53706,32456,78755
2447,36607,28753
29908,89168,27889
17184,4792,86473
14273,11253,83284
5686,26028,64913
13578,92095,95358
94515,38263,45302
84547,83818,46994
32187,79134,33189
30631,70150,16320
40514,28264,19708
6704,34552,60529
51149,98999,17841
64929,89797,42989
25920,59230,25248
81714,21959,82870
19862,75986,34244
11960,25689,54377
10819,27046,23139
31714,27346,83248
12040,36070,96651
96377,763,85766
10908,5815,62760
16790,8804,2561
24879,50548,23059
49213,57242,30320
90077,55594,91152
31023,19276,80226
82382,22801,71202
94345,63436,92346
34254,8726,79076
30290,58645,45235
27454,42624,27804
1314,82600,30922
14837,38993,39971
8287,52961,31701
22383,10762,75644
13179,93071,10975
43853,42827,79345
67698,57877,2797
99195,24174,36116
95162,36001,8910
15559,57392,37698
31326,66213,94487
48854,88604,12618
84658,72080,73622
63323,38732,12262
62619,77495,32840
78838,57490,55773
29006,11577,5326
59563,3169,90234
37167,13729,8009
82584,81239,77254
65754,55399,61320
15163,60187,4138
88854,33460,37549
66803,74301,53080
32343,51371,97418
75013,69422,82482
92436,98570,10822
27991,78741,89981
80874,98288,33644
96463,21992,77878
95585,68994,75545
89012,64715,98189
6398,48598,45769
5001,68428,42386
44756,29902,53808
42404,76882,69587
56578,55791,85560
53021,76300,43945
80313,83423,69115
51898,20116,99029
39606,58097,45282
93378,39433,96546
26240,3671,79528
52804,69815,20774
98035,96335,14747
24671,41533,35930
49565,98373,18197
13755,85613,24590
55752,71490,15639
64202,17095,62210
65850,41666,51988
40398,72471,30416
21660,82818,29648
88308,31903,17180
18021,77849,31465
27929,95312,33923
39908,69815,57750
55418,21834,40211
17569,90324,1728
44373,73802,26930
40484,77134,25086
11572,55815,55029
79281,12922,52199
18798,70053,38533
69936,89645,55248
50091,81451,96148
51307,63518,28427
35775,83340,3564
81633,78670,89052
78532,20430,33961
10815,11739,69218
44788,90084,99762
61619,1718,65134
62805,64104,49270
67700,39598,18582
25826,78506,46391
98564,11536,61484
37309,83371,46496
66915,50513,58300
26447,3641,12413
41020,35575,97930
70074,12841,55460
13820,81849,21264
11283,27763,78025
92654,16665,64707
99742,2462,37938
87362,85792,48538
68491,23980,36820
40402,30705,49776
85685,85211,73778
44747,15508,27679
22602,16569,24745
95497,38406,46248
19800,6835,34110
41837,99284,70788
97293,12072,47842
57799,60727,15698
6789,58948,96674
86023,68312,17093
50944,80888,48916
26860,95914,95051
39398,38538,20620
23792,44169,46657
79369,22061,72113
92746,34264,77714
63329,20327,16155
8524,30272,64195
71310,77051,21345
93689,62077,66740
32465,27084,5488
68472,63830,90436
97015,26757,50856
65840,11955,96032
59456,678,65226
63156,85313,78489
54484,25178,7271
63645,179,40424
34441,68862,29988
57838,74651,25241
49144,67103,82993
39281,75528,52701
34045,80358,51794
8026,57237,77781
65390,89438,91064
49779,18149,31899
10274,29668,35098
9648,94949,18478
89742,57499,34355
83938,63541,28028
54970,55740,77895
61609,15158,11978
1522,27164,88238
39475,79606,89888
95135,28624,44189
47525,83717,72756
1578,48944,65477
47100,12013,82907
99318,68314,25431
56551,13953,47321
15707,62297,51144
53637,45685,37637
2465,88180,47395
48901,80619,15880
73435,4760,11589
29857,62583,62686
5701,15958,75691
99626,91085,16069
45989,2121,99945
77140,64590,99441
41438,41809,89585
32057,81207,27814
42214,65816,59416
44241,91723,36416
1201,60574,51339
28520,16691,32331
19928,56724,14761
67980,30234,51511
4664,14179,66764
50515,73366,29040
20470,24514,71001
90167,68103,7239
31332,49929,30732
59816,93729,54692
7427,16736,51006
87320,89596,86201
64721,85710,4226
97626,68075,11823
38402,53920,74405
21569,60917,21987
15360,41076,84027
46256,27919,27429
37642,93565,23781
86251,88900,57634
34447,43716,87605
33700,98994,66911
35304,82562,35679
57190,40868,5469
93175,16013,39436
45989,83211,23517
53464,27696,84905
58534,17938,65958
25524,86134,53016
47104,45074,17780
4629,47,81500
31929,36991,96032
25111,23501,43085
62834,85666,12321
76536,16519,52801
25057,88480,39390
92479,53162,62621
48019,88676,29607
96846,49287,84831
64693,88736,77785
26974,94153,71999
89500,44997,18939
21340,60832,59663
80479,64861,18083
87676,27194,64847
18542,53165,17983
3885,99149,62486
21722,43495,20557
79767,55373,76737
45257,54967,30804
39981,69657,14402
76799,67862,66627
68340,69790,308
11598,21798,47672
82627,50009,76504
25559,35780,94337
75187,61780,30689
6487,87748,94720
40342,56620,54440
45802,98718,47187
48143,46940,94263
34605,68883,39870
15772,68557,43811
23884,43652,37027
38058,13609,3355
54805,32028,51617
95883,6654,34064
42556,39675,88310
35176,23936,93494
23371,56987,42660
63543,66582,85345
80994,49124,82315
1744,51930,78987
62525,17472,43297
42087,75099,47727
26333,96420,67321
8633,65070,66781
11247,1849,4843
51425,80544,2468
97431,33186,49496
5858,26552,43566
21385,56244,929
81345,79813,85553
83133,85256,87782
55848,76616,52997
51166,5241,8923
16885,64566,66883
85277,50020,91468
47779,97410,29632
15889,63498,60201
96600,15967,24523
17494,83019,14406
61620,35941,73653
13795,90977,66212
88772,79962,6067
32702,58337,73387
89027,43488,41935
78625,26484,33175
9277,52685,5535
42997,64073,14684
37591,49802,84296
67093,88611,11914
86663,60886,82293
53242,57661,57257
31376,44070,40679
62849,55070,8651
24599,16034,67035
36044,47087,22476
97373,45441,42317
99450,18871,53726
22130,12153,26836
68266,58768,19961
14028,28115,21179
96622,47709,2255
23113,21976,968
23419,45409,42618
91226,53902,55104
69445,7027,97971
26682,77733,51495
60511,74560,33149
34728,9042,87717
19444,15007,95729
56652,51414,23319
96296,47066,32798
30041,96448,83862
52130,95488,15516
1309,91037,25983
77252,11350,66208
68268,84073,70576
7231,71964,2570
48794,33061,31845
42786,37707,76987
59280,93831,88915
97189,90351,34909
46200,22424,2656
59188,80498,21645
14650,52380,47645
55755,81721,46715
52066,98910,78687
1864,5401,87266
85940,38539,41274
22656,38255,98678
68036,86844,83762
22958,74643,94856
63769,5442,23423
70905,9905,4360
72428,81921,57169
94019,32326,27215
53449,36639,24219
784,67115,24356
19009,9003,33836
94828,92285,11269
66360,1797,65531
26702,71832,31741
51766,14660,70517
95730,16357,40763
98235,1746,69412
9965,58387,76675
50318,12220,94307
72103,55969,39236
610,56378,18138
98999,24846,83853
1153,61167,15581
96081,75421,95499
7323,68833,14750
28247,49456,81774
63411,487,58650
77182,52546,6891
20459,52087,2764
64138,74915,20562
1590,72277,76850
4402,69262,8891
28810,90316,35700
30014,92590,97856
14565,40713,14524
66941,29231,65288
65048,18071,79989
67526,30470,97469
34707,96837,85117
67766,26812,19746
66536,80769,88324
17835,21617,99882
72665,24203,54404
67255,6172,38713
99116,15363,80375
17259,47019,49131
73612,7984,51122
6465,92910,95439
16444,90053,10441
76254,99028,38287
46142,92709,98081
18962,15215,85951
41341,26119,19698
42307,63652,91854
53599,14652,37336
84306,5451,28055
75343,7394,57608
73467,34715,93520
83021,55158,59179
21713,57598,92197
73716,36930,2310
53866,23893,80740
98624,83252,69522
72776,31031,2624
60331,82831,69426
7907,96213,23477
3475,67742,34097
89996,46396,86020
60414,28900,66576
54710,99380,26046
2344,46119,87232
43583,79633,1176
24123,35529,49023
91434,87349,89369
66769,28778,97390
75139,82073,87411
18880,4162,41981
89797,25634,72267
57248,1482,87293
72534,72484,22081
46686,41347,76199
51382,54915,50152
59382,34009,45187
70207,62450,34435
37854,35893,31241
3045,65738,58224
93318,82035,26140
60079,37939,74131
77351,6655,41980
89033,45234,47135
15659,12662,34885
15835,95480,90924
9514,1676,73850
19735,44394,86018
80142,80961,61658
23424,82497,25832
9175,72471,99022
98385,76604,23865
90594,46380,60858
14274,72247,52281
87191,6861,5306
29902,23431,85532
69779,54227,28254
5004,6093,95637
81148,15536,4637
12313,9215,59461
428,27148,7158
24927,95684,40547
14804,63519,15610
47293,89732,94290
90052,74851,79842
53196,16798,9407
46092,18886,79674
43421,13482,82265
77831,59928,88462
96289,40707,61200
93245,76182,8424
76280,47365,39930
9441,18333,9914
19661,59020,60444
63110,10804,83799
10661,20531,95995
82901,73444,27999
12087,5663,16683
58726,62781,34032
28919,99003,96960
35935,59884,59052
18256,18712,24917
3483,98623,81709
7912,75184,85288
99277,82290,28969
3295,72805,50831
10611,15881,68866
75289,22139,51958
13620,69500,34816
98091,77715,85390
21788,74660,55431
52127,27997,29376
93505,82942,15963
32358,44194,42113
82985,5630,20933
42842,44356,65643
99311,3564,94325
63577,88996,30261
63660,27099,70030
72150,81352,5663
38414,50347,55769
4617,97800,18513
24618,31222,6132
41859,86573,26701
85328,88970,43192
95473,9063,8856
16517,77574,36043
74999,26837,23202
39894,81285,89062
34506,72353,55062
30164,21006,25886
56796,83407,2571
74684,79101,86088
53024,53956,24926
24407,42896,41278
83146,87427,86603
77120,64468,30915
29581,46094,46295
50654,65313,72047
66177,17326,41143
67653,23361,89124
57408,53067,78690
53559,19400,13351
49147,42172,93667
84206,47031,49056
97448,38032,20398
79979,5958,24104
98748,32266,71401
61939,53626,11611
94330,9286,16681
57576,97350,41060
4047,65336,38344
10137,49264,9200
15862,12281,24864
40978,99228,62826
10896,18548,36628
54975,4631,30510
41810,54323,18893
96470,42600,10997
85623,61506,24556
44884,82953,16806
4116,68123,93747
72938,1647,9731
941,77329,67090
52923,38742,646
2022,59330,71595
48081,60952,54546
26600,69000,42443
74876,85665,12805
64285,10017,66035
88910,75491,24939